./PreProcessing ../wavs/a_Guilherme.wav 
[2016-08-03 00:04:55.218] [N6motrix13PreProcessingE] [debug] 44544 frames, 44100 sample rate, 2 channels.
[-541.775710, 44.889627, -4.522652, -2.317129, -0.195362, 3.340243, 14.162882, 7.016293, -12.810139, -0.365954, 2.033117, 9.310723, 1.543362, -1.401213, 14.469540, -11.294002, 7.862833, -3.795440, -0.066437, 6.424674, 11.603871, 5.106822, 16.246466, 0.594494, 0.188624, -2.592153]
[-554.623086, 49.854773, -2.866211, 5.569435, 11.822385, -1.601025, 29.586450, 3.029386, -0.956712, 3.411066, 5.090733, 10.066974, 0.360968, -6.665146, 11.856523, -24.817315, -2.694116, -14.350610, -11.057528, 18.035402, 6.922212, 12.925711, 7.851126, 8.433888, -6.196087, -6.398929]
[-549.093511, 38.709334, 15.594714, 1.963050, 4.609012, 1.749547, 21.096241, 5.078376, 9.075954, 20.273234, 2.841713, -10.625072, -1.436508, 3.390668, 1.070587, -13.780117, -11.381784, -10.311510, -19.950286, 17.207821, 14.627376, -1.095405, -3.245175, 6.019933, 9.188201, -5.519882]
[-544.652690, 36.939637, 16.560526, -6.792841, 4.462674, 5.897729, 17.940079, 10.146706, -5.404016, 10.879411, 9.089423, -2.567033, -4.985729, 5.199908, -2.679800, -3.066248, -12.350854, -2.924234, -10.493988, 4.241075, -4.340527, 5.493683, -1.189088, -13.490950, 5.314207, -5.029449]
[-537.485087, 32.803229, 15.919077, 0.126370, -1.955345, 8.836160, 12.002026, 5.032572, -9.845353, 7.362907, -6.502039, 4.919475, -10.963018, -2.248203, -3.091125, 0.156135, -2.164455, 2.338512, -8.594512, 7.065327, -16.045953, 6.912984, -0.994926, -16.894537, 4.580340, -3.563174]
[-494.888912, 44.748177, 22.084604, 4.700576, -29.508447, -3.735400, -3.514076, 2.764787, -4.819335, 7.200182, -10.787351, 8.148491, -4.587178, 5.138778, 0.112951, 9.309620, -0.068281, 4.489262, 2.933179, 10.192304, -2.524106, 13.882765, -1.497304, -5.538468, 1.907635, -2.767912]
[-310.422990, 102.954497, 34.518229, 21.572287, -61.707297, -34.469367, -10.890177, 26.696332, -9.394432, 13.877344, -19.405941, 0.836374, 15.757700, -9.533517, -1.751612, 5.759060, 2.215924, -6.438537, -15.640512, -0.214157, -1.364467, 2.191120, -2.224551, -8.929064, -5.840844, -6.903321]
[-199.925019, 120.980603, 1.221958, 20.892471, -57.036890, -32.598474, -27.579090, 34.968799, -10.695196, 7.487277, -24.045490, -5.108409, 15.151385, -14.352603, 12.266304, -11.276754, 6.695808, -10.936427, -14.031077, -3.022627, -3.049847, -8.022731, 7.762844, -20.929519, -16.314568, -1.976648]
[-130.189159, 125.110130, -5.108408, 28.072707, -49.831082, -29.508649, -18.995231, 36.359131, -7.847449, 14.815773, -28.922042, -5.466047, 16.827135, -18.175322, 16.686701, -4.062399, 5.797149, -7.694546, -8.389096, 0.095805, -4.855046, -1.178445, 4.037873, -25.300141, -14.373267, -6.947083]
[-97.785156, 129.281155, -7.208180, 27.704503, -47.645846, -32.232845, -23.143066, 33.409642, -10.539350, 14.456990, -39.044869, -1.864905, 11.593635, -32.200935, 17.795332, -0.554351, 3.076016, -12.596579, -4.376796, -4.067346, 1.176726, 0.027577, 5.997871, -30.977004, -7.192428, -4.897477]
[-71.893350, 141.271278, -18.925259, 34.471651, -41.467662, -39.302438, -24.714845, 33.597273, -20.520096, 18.838355, -37.267153, -0.690920, 13.371489, -33.867675, 24.465656, -7.716684, 4.678033, -17.499415, 1.202532, -11.014522, 8.925950, -7.825296, 10.852054, -28.746618, 2.614633, -7.228585]
[-58.315529, 150.843722, -24.076512, 29.764214, -28.358686, -49.054040, -16.321056, 30.256108, -32.862475, 25.422920, -40.719257, 3.293993, 16.214451, -26.081587, 25.854827, -9.944027, 0.428617, -15.537823, 2.531912, -7.890748, 5.413196, -6.274621, 13.300689, -25.599109, 2.414801, -11.604529]
[-56.598264, 155.073947, -23.913724, 27.688624, -21.657669, -52.684891, -7.811779, 19.641348, -41.449813, 20.977490, -39.680917, 7.903581, 12.379002, -9.555801, 23.146799, -11.877657, -2.115982, -23.824010, 10.080037, -11.625318, 5.666898, 5.618133, 6.902313, -22.534802, -5.852278, -14.801926]
[-49.386642, 161.918045, -19.171290, 20.629658, -27.646017, -49.503520, -11.593671, 26.625716, -44.501969, 21.810102, -25.648722, -10.415908, 12.794571, -12.586077, 25.196589, -8.531802, -0.034321, -20.660420, 15.078196, -19.714136, 0.720978, 9.681016, 9.103808, -32.111198, 7.811825, -10.229573]
[-47.970039, 159.494832, -21.250939, 11.089849, -15.939223, -61.279833, -15.743653, 30.091424, -41.550510, 21.419783, -33.170092, -17.174673, 16.003541, -24.301738, 17.119497, 0.177675, -1.477149, -21.221925, 6.336887, -7.508962, -6.257839, 9.613102, 3.243388, -32.204051, 11.703740, -6.603181]
[-56.857887, 154.238752, -17.513325, 15.211863, -17.328973, -61.745663, -9.603533, 31.108101, -30.316102, 21.176397, -42.153660, -13.641516, 19.056000, -32.076033, 14.062542, 6.573167, 0.741800, -20.683920, 3.846022, 3.665578, -7.735572, 10.979934, -2.899775, -32.370557, 4.550938, 5.579014]
[-59.682590, 160.030502, -9.472111, 13.103102, -21.864735, -55.956511, -4.950473, 25.763389, -28.362315, 27.637337, -45.212846, 7.504969, 22.671409, -19.113533, 13.757735, 9.807890, 4.357426, -28.608095, 12.443376, -0.580102, -11.077121, 14.774766, 6.587030, -24.728830, -3.690871, 6.838707]
[-68.803293, 149.782643, -4.926018, 14.545467, -28.252598, -48.735092, -9.782712, 31.428845, -41.507731, 22.625984, -36.818349, 11.098366, 36.190666, -17.334484, 25.091434, 4.538054, 1.735716, -28.255491, 9.697286, -2.021172, -6.432826, 9.625084, 18.936595, -33.517200, 0.569280, -9.700307]
[-74.741116, 135.163204, 7.224996, 3.352278, -36.700494, -53.580976, -10.227182, 35.228613, -44.350880, 6.602153, -34.396761, 7.108207, 31.872413, -24.884332, 16.538661, 16.833135, 3.558238, -27.077478, 3.052123, -9.274751, -7.394102, 9.160445, 12.008452, -34.922440, 6.036702, -6.346255]
[-58.057797, 135.350967, 1.954529, -3.562969, -26.510612, -50.676650, -14.774699, 34.113670, -41.254544, 15.167031, -26.275413, -10.107632, 14.564703, -21.733992, 22.604547, 11.101383, -4.316331, -12.967861, 9.325486, -13.283293, -8.229396, 7.387816, 11.072364, -29.270553, 1.427721, -20.047448]
[-60.866234, 140.298918, -0.090414, 0.924507, -15.877648, -54.956955, -23.715162, 35.017489, -39.556678, 26.717058, -25.621299, -14.997927, 14.416011, -24.420317, 26.618103, 3.599552, -2.546195, -4.084158, 4.441203, -19.986323, 0.450805, 8.635700, 16.470726, -28.212356, -7.535025, -28.639897]
[-69.637865, 143.479780, 5.587060, 8.431189, -9.148027, -57.701242, -32.298607, 34.487860, -36.318185, 34.247718, -25.946794, -12.770231, 11.789037, -22.004037, 28.375889, -4.541914, 2.586880, -0.375415, -0.575000, -20.977107, 0.003058, 12.793518, 21.331683, -26.566278, -8.648196, -39.455265]
[-70.257972, 139.412279, 7.236820, -5.675495, -11.859429, -45.441646, -40.077066, 33.046573, -38.942872, 22.977402, -18.216016, -14.298090, 2.032084, -10.807123, 15.104678, -3.743391, -3.857866, -2.420499, 6.231578, -19.006471, 2.654057, 10.851244, 1.046634, -21.850494, -1.823431, -31.606276]
[-83.706080, 137.944664, 9.498079, -7.918001, -10.095682, -35.715506, -50.365775, 26.256980, -35.788094, 19.878826, -15.519130, -7.343572, -7.800024, -4.017801, 10.745017, -15.851278, 1.709660, 3.858011, -0.185790, -12.123038, 8.857103, -6.720154, -3.133038, -15.368873, -5.802056, -15.712758]
[-70.917976, 145.119877, -7.267421, -4.569115, -22.362550, -37.111432, -43.599497, 30.799155, -25.680251, 18.915305, -32.865456, 3.327130, -0.781797, -12.248637, 22.820480, -4.973578, -9.305643, -2.386428, 14.545943, -27.213272, 11.423058, 2.880025, -7.920901, -16.244357, -1.080324, -21.903650]
[-60.651220, 151.089036, -11.640545, 9.697866, -28.536532, -43.689571, -30.640136, 35.044364, -26.245327, 26.209447, -34.502041, 2.364556, 7.695121, -6.236581, 17.622859, 3.228483, -3.228162, -12.037668, 18.047787, -21.177857, -0.297459, 4.580662, 8.120044, -18.976445, -8.734958, -15.247331]
[-67.141932, 144.201045, 2.829094, 8.916217, -32.004257, -47.069349, -28.010743, 32.309074, -28.033671, 21.577240, -32.065539, -6.042186, 12.130648, -12.786623, 15.143693, 7.666093, -9.668788, -11.579870, 14.014699, -12.449940, -10.821867, 5.251418, 17.874961, -23.884747, -11.336908, -18.857124]
[-81.747674, 139.622699, 11.727759, 13.143470, -28.767585, -47.399847, -25.994221, 29.416794, -38.380939, 16.118449, -15.699978, -14.725579, 7.945124, -20.505609, 21.001159, 2.118680, -8.471187, -10.731397, 9.871278, -9.697862, -3.907663, 1.872240, 14.793465, -22.676126, -11.566790, -27.889134]
[-90.869250, 138.900109, 16.380716, 3.497211, -23.814655, -47.442090, -26.360712, 23.469799, -39.378787, 14.574247, -13.512795, -19.982667, 15.296447, -16.912733, 14.734847, -2.144938, -9.215186, -2.436541, 4.718310, -6.860318, -1.528571, -0.590550, 9.238071, -18.429856, -13.549669, -21.790875]
[-94.419307, 148.203234, 22.586484, -1.888580, -24.235946, -52.659301, -19.363569, 30.960881, -33.512654, 10.599141, -13.457221, -16.066011, 19.031318, -19.196733, 20.508593, 9.086633, -15.416964, -5.608189, 7.703079, -0.884032, -12.278826, 2.003560, 19.401901, -17.649230, -22.719152, -14.334370]
[-103.750592, 152.737196, 16.318098, -1.245094, -20.041303, -62.302336, -21.535581, 35.404897, -31.326914, 3.309352, -11.827054, -21.611483, 23.087016, -14.805155, 21.368617, 2.515010, -20.291865, 2.960751, 2.174975, -6.929462, -9.721081, 5.742801, 17.877039, -16.100930, -29.251594, -14.434146]
[-94.174339, 153.043468, 7.752571, 2.750502, -17.224796, -56.988075, -19.410435, 27.766747, -26.064927, -5.835919, -2.280298, -18.362304, 13.137413, -3.488707, 15.328601, 5.344507, -20.713694, 0.398609, -1.065913, -9.176834, 3.043703, 4.432394, 13.898209, -23.398043, -22.035418, -16.539140]
[-71.770523, 141.742860, 6.174057, 1.557194, -24.004658, -54.016771, -22.777266, 33.366471, -31.977846, -1.772476, -2.581285, -15.067911, 11.635875, -1.964376, 17.193424, 4.504999, -11.943002, -11.129485, 4.534236, -8.224616, -2.072565, 8.791821, 8.069539, -21.694595, -18.498760, -14.005073]
[-52.847698, 144.307593, 4.743188, 2.068076, -28.390420, -54.496773, -23.421294, 44.150334, -28.947856, 4.233063, -2.470586, -13.496562, 15.621372, -6.750486, 20.285184, 13.497587, -3.983146, -16.458033, 8.052437, -6.218557, -11.142625, 9.453385, 7.212505, -18.416599, -10.390710, -11.578644]
[-52.334418, 144.682590, 2.469700, 5.064773, -30.005270, -57.591679, -23.308694, 45.577637, -33.301246, 6.259442, -5.664074, -12.887067, 19.439738, -9.968213, 21.555449, 13.817522, -2.807236, -19.739967, 7.934987, -5.226747, -15.601330, 14.949238, 6.921539, -20.200532, -9.782971, -12.776191]
[-61.370595, 143.389075, 6.279558, 8.762283, -36.528478, -58.459744, -20.794743, 44.470154, -42.505729, 2.927556, -4.776761, -13.252621, 15.809243, -12.271093, 18.269462, 14.551768, -5.697514, -22.111270, 8.540865, -7.852284, -14.565085, 19.471154, 4.328450, -22.184942, -14.162777, -10.735964]
[-78.463924, 141.300937, 20.071925, 12.305365, -49.397505, -54.371296, -14.464361, 45.755697, -51.143591, 1.269222, 3.549478, -11.407893, 12.545892, -12.888297, 16.990755, 22.034239, -9.679224, -23.932137, 14.475274, -9.951558, -15.600735, 22.543472, 5.815934, -23.682325, -20.462828, -7.995130]
[-74.446297, 145.794364, 13.120646, 17.607258, -44.932513, -50.437415, -25.541944, 50.046790, -40.025861, 5.189605, -4.487652, -16.060242, 22.592690, -6.230540, 8.927787, 20.379884, -6.653490, -15.454636, 14.663680, -13.526546, -20.270919, 24.304049, 8.372528, -20.440892, -22.202485, -9.674382]
[-68.184078, 148.476881, -1.286493, 23.219377, -43.307104, -50.304680, -30.216507, 52.706924, -38.806710, 3.496545, -1.747743, -16.665058, 24.066100, -5.423304, 12.164805, 18.524857, -4.302936, -11.747857, 7.400511, -13.445611, -14.883976, 21.848528, 6.151648, -17.774201, -19.294713, -13.429412]
[-61.622092, 149.892216, -12.534830, 21.663853, -41.996122, -50.048175, -30.657473, 53.367073, -37.850566, 2.428569, 1.297051, -12.984172, 26.959641, -12.013814, 19.989760, 19.808508, 2.688744, -17.025430, 3.235388, -14.182565, -3.178137, 12.779784, 7.084499, -23.135396, -11.174311, -13.679505]
[-58.958595, 151.001287, -14.272068, 15.052059, -39.265153, -54.272270, -29.708665, 55.977127, -34.391644, 0.871371, -2.950906, -6.155167, 26.321590, -9.803773, 17.200972, 26.523351, 0.618344, -11.038185, -10.102520, -7.702293, -6.193099, 13.480977, 1.698851, -23.030162, -6.750644, -10.306226]
[-66.883799, 159.049496, -17.739981, 11.458229, -39.797059, -55.801703, -32.571633, 59.552130, -30.282127, -4.740786, -5.942608, -3.011320, 24.877012, -5.431412, 14.292302, 26.912132, 4.990290, -5.391781, -22.496648, -2.948121, -8.897678, 17.047548, -1.844476, -23.443663, -4.332010, -2.290762]
[-57.495962, 154.873048, -13.738989, 9.350754, -38.250290, -59.664075, -25.174092, 53.346974, -28.451875, 0.569934, -17.624324, 5.912694, 19.711445, -1.911556, 16.747858, 24.982061, 9.809043, -7.750689, -19.645792, -6.734872, -2.448349, 11.910398, 3.422887, -25.920537, -1.884664, 1.317259]
[-45.105227, 148.321146, -10.387804, 8.871634, -39.684340, -59.329169, -19.061542, 43.923433, -28.380600, 8.093240, -23.925160, 4.989169, 21.371735, -5.975159, 21.531348, 24.036686, 7.147202, -13.852714, -10.597614, -6.063075, -4.330089, 8.716336, 8.604609, -28.622106, -1.561106, -0.540770]
[-39.296005, 142.626026, -4.837035, 9.528592, -43.710149, -55.826245, -18.316581, 44.071877, -28.928226, 10.788879, -22.435038, 3.440319, 22.943673, -8.868634, 27.928931, 24.277687, 5.088005, -17.403752, -7.751238, -3.607045, -6.346451, 6.417847, 8.062767, -28.985187, 0.702197, -2.637916]
[-46.560426, 136.126739, -9.706476, 7.721726, -45.533522, -58.538655, -20.946193, 49.221641, -26.343550, 12.103420, -19.591168, 8.669539, 23.246812, -0.624031, 36.986419, 24.790150, 8.034258, -14.597654, -9.762101, -4.754694, -4.385155, 8.312410, -3.180001, -22.547257, 5.284596, -5.448231]
[-53.452818, 137.233944, -8.357121, 6.693951, -37.027451, -66.400125, -18.391631, 46.123661, -19.386083, 12.691876, -24.459432, 4.835537, 21.952703, 8.208280, 38.563599, 20.174864, 14.313761, -19.337915, -11.587613, -6.041697, -4.975866, 12.405585, -13.203524, -17.218935, 10.791991, -0.823576]
[-59.512067, 116.300941, -5.749868, 1.829753, -49.404466, -64.791309, -18.101998, 43.674232, -13.753997, 12.103256, -17.423058, -3.002825, 39.854435, 18.643680, 39.390216, 28.368270, 22.316091, -12.701916, -15.758316, -7.251521, -0.040005, 9.822254, -12.422187, -14.762095, 17.239882, -0.057028]
[-50.693070, 115.474822, -1.761265, 2.545834, -53.135850, -59.168783, -20.090351, 35.842669, -7.745512, 14.734077, -17.093484, -9.012541, 41.777641, 19.550900, 39.183842, 24.038953, 15.375395, -5.392017, -8.719336, -9.134098, -4.168830, 9.502350, -4.938317, -11.353705, 16.469361, -7.084639]
[-42.465769, 124.390321, 1.883986, 11.316571, -48.686090, -56.430668, -18.646882, 35.674272, -10.193061, 10.228935, -19.269957, -13.984108, 35.040360, 16.178062, 35.027047, 17.517134, 9.338811, -5.833981, -6.811486, -14.869986, -10.084699, 12.358573, -0.626341, -12.925781, 19.819084, -9.409032]
[-40.101312, 127.602920, -4.060506, 12.570009, -57.828438, -52.645005, -12.851399, 24.899702, -14.324543, 19.341575, -17.298253, -13.978039, 36.656059, 20.649054, 27.718869, 13.315003, 19.639420, -4.157971, -13.722446, -10.510015, 3.879529, 1.972243, 0.954191, -9.029662, 19.397850, -17.044480]
[-28.176605, 138.165303, -16.601045, 24.897702, -53.910201, -58.579602, -15.204027, 28.283321, -11.281861, 5.494577, -14.830863, -4.235101, 24.756802, 11.230762, 25.807856, 12.442746, 9.779268, -6.664249, -5.202456, -17.276657, 7.835239, -4.263738, 14.439254, -20.182535, 12.448566, -11.243623]
[-36.956037, 142.941024, -22.483945, 24.633583, -51.119029, -59.018479, -19.409574, 33.476820, -11.830433, -0.302429, -13.373573, 2.351871, 20.875478, 11.542896, 28.014007, 10.580768, 10.965177, -11.288290, -2.239882, -21.137710, 13.377007, -10.977194, 17.719914, -21.768185, 6.157993, -7.598539]
[-43.419700, 144.526039, -19.915219, 18.119327, -47.911669, -52.999684, -28.323715, 42.508842, -17.688397, 1.910076, -15.420482, 4.237545, 17.344510, 10.293652, 33.514010, 5.145015, 18.126222, -16.808835, -5.338964, -19.048046, 14.917653, -10.157227, 10.779122, -17.778504, 1.911627, -3.033235]
[-40.577413, 146.066051, -14.181379, 13.939869, -44.657525, -47.466651, -32.974913, 45.438439, -16.072084, 1.049944, -16.601208, 6.598323, 11.756986, 11.120217, 33.857546, 0.439871, 23.967608, -18.539782, -11.740989, -11.797501, 11.884868, -3.703098, 3.402065, -17.641259, 3.625046, -2.079466]
[-37.778338, 137.150391, -13.734618, 1.887691, -38.153723, -50.556010, -29.896589, 41.524732, -10.648954, -1.623162, -10.279061, 4.674171, 17.397704, 14.229334, 35.862464, 6.587880, 26.124319, -19.720481, -7.155759, -12.041909, 4.274393, 9.566170, -6.388060, -14.612100, 8.920359, -7.740058]
[-39.245606, 138.112339, -15.581921, 2.704218, -34.846285, -49.975173, -27.773338, 39.692919, -6.289243, -8.025883, -6.041066, -0.852599, 23.468451, 10.423347, 37.451936, 11.918344, 22.051221, -20.004509, -6.589270, -13.853982, -3.179517, 20.398890, -13.462495, -13.196493, 13.938579, -10.709326]
[-43.223645, 135.047496, -23.219184, 9.419325, -44.221732, -55.071885, -21.395316, 35.608494, -3.720980, -6.189487, -2.280340, -4.064430, 32.592225, 9.505560, 40.252946, 14.104188, 22.250471, -11.392900, -16.209215, -4.050972, -2.706389, 16.882796, -7.953261, -16.221110, 10.612324, -3.975202]
[-38.562824, 140.580220, -13.593759, 12.991637, -44.391192, -53.011879, -15.986123, 28.231121, -7.880237, 12.185135, -10.543910, -12.062779, 29.299564, 10.187772, 34.769755, 5.223530, 19.170498, -8.589548, -22.015449, -1.243653, 0.762452, 2.171492, 2.115086, -13.563889, 6.629713, -9.402279]
[-50.604880, 138.450303, -10.541423, 17.804964, -38.827150, -63.818642, -16.842139, 36.507612, -9.222384, 20.015011, -16.601732, -14.448212, 34.429719, 9.527686, 44.980896, 1.282099, 10.417419, -4.022410, -14.598398, -3.598086, -8.326858, -3.983290, 11.657127, -6.163220, -4.809261, 0.709409]
[-61.960134, 133.140665, -12.289252, 16.579994, -34.862832, -63.197883, -15.681334, 32.898140, -13.677865, 26.755067, -14.779686, -6.203854, 25.442437, 7.809756, 61.979566, 3.510798, 16.238575, -14.134202, -12.079704, 2.194529, -14.340234, -6.512133, 16.785992, -7.586717, -0.904947, 11.609559]
[-66.262190, 124.581848, -15.592907, 11.321972, -41.443786, -52.607263, -21.430390, 29.586260, -18.144223, 26.177122, -3.221904, -1.273552, 20.248287, 11.977556, 63.573102, 14.095829, 23.637788, -20.283140, -1.192507, -7.866293, -6.726307, -10.135021, 21.974459, -1.139241, -7.409131, 20.454621]
[-63.718617, 127.015596, -15.130995, 8.044829, -41.389546, -48.482075, -25.774314, 29.822671, -17.171562, 31.553247, -4.647828, -2.340489, 16.801768, 17.078753, 59.522161, 10.920959, 21.592757, -16.652826, -4.729287, -15.413147, -8.248865, -3.830717, 23.183288, -7.840004, -13.630271, 25.349031]
[-64.151382, 136.093423, -8.238732, 17.212856, -51.228621, -40.814881, -28.065175, 34.770973, -20.485693, 33.631532, -13.386177, -0.291125, 3.433176, 27.373427, 52.736799, -1.770245, 14.441527, -7.786294, -7.870566, -13.086257, -20.731977, 6.924770, 27.788589, -16.240271, -12.794414, 25.078575]
[-51.719478, 137.032319, -7.709422, 12.819813, -40.181892, -44.949950, -25.736576, 33.417397, -15.869707, 27.551957, -21.052064, 3.126118, 6.365263, 20.654828, 51.617382, -5.800135, 17.473965, -11.907335, -13.612053, -3.382509, -22.192573, 3.511498, 29.306435, -18.002810, -5.199073, 16.299590]
[-42.468508, 132.297026, -7.414252, 7.604371, -38.951413, -37.863192, -26.150306, 29.365084, -13.408995, 18.310358, -14.989407, -0.002067, 8.356773, 18.378390, 51.396709, -0.057760, 18.000202, -15.959790, -19.429315, -1.200598, -16.025280, -0.954634, 26.164038, -18.822674, -1.300873, 15.387386]
[-52.833722, 128.802761, -7.467872, 10.119982, -45.953310, -31.447516, -24.204610, 24.579888, -10.793199, 15.331756, -11.759520, -5.658590, 14.879923, 22.155839, 52.438822, 4.786486, 19.944542, -17.851667, -22.147078, -6.309627, -9.984402, -6.452353, 23.492265, -16.578235, 2.077591, 13.029376]
[-73.444332, 128.530400, -6.896784, 12.423801, -54.155501, -37.249260, -19.231602, 21.075168, -7.581367, 21.613174, -6.595795, -2.912953, 16.323463, 29.138641, 54.837867, 9.714549, 12.364902, -11.987140, -16.520661, -10.185084, -12.895862, -4.801740, 26.148814, -24.514291, -1.486447, 18.497523]
[-81.999507, 125.905264, -13.559090, 18.731213, -51.515365, -53.309310, -20.847822, 20.555532, 1.009814, 24.626477, -10.486227, 6.567533, 21.859519, 27.760284, 49.535562, 25.306895, 6.647091, -8.918093, -13.613989, -4.055881, -16.201672, -2.946590, 26.546718, -20.697889, -5.849016, 14.933234]
[-67.647499, 123.069329, -14.735401, 19.920336, -51.183789, -52.505690, -22.473237, 26.643059, -5.564841, 22.148589, -11.110686, 1.892271, 27.614129, 22.326805, 50.665803, 23.925974, 6.733659, -7.712560, -17.500130, -0.759974, -11.760626, 0.338035, 17.214660, -16.919462, -1.144897, 17.181427]
[-73.956264, 115.799595, -13.630978, 15.609784, -57.611253, -46.509401, -20.708339, 30.738978, -14.174247, 23.160675, -11.718160, -1.169154, 35.082869, 26.229707, 56.479272, 26.641939, 12.217520, -6.226052, -18.170562, -8.316832, -7.383299, 4.672164, 12.316547, -13.883706, 0.598993, 26.903309]
[-84.882276, 119.096658, -14.108800, 16.761875, -66.160714, -41.587395, -17.607072, 33.910684, -20.074191, 29.078054, -14.191099, 3.169540, 33.060050, 31.553985, 57.565269, 23.497739, 13.156988, -5.895690, -18.002847, -14.744899, -12.548193, 9.527885, 7.095684, -14.474605, -3.853443, 33.744672]
[-58.096544, 129.483197, -11.388053, 27.559280, -54.430750, -49.687376, -22.214327, 32.320639, -9.926728, 16.451219, -25.116378, 3.838922, 23.126874, 23.127618, 46.370653, 14.103352, 12.454013, -16.830275, -13.215415, -1.950535, -8.515672, 10.153494, -0.975408, -5.785572, -4.148938, 27.269885]
[-40.840216, 142.298288, -15.551407, 28.624049, -54.102058, -43.996394, -24.771630, 34.343849, -12.501884, 4.012564, -23.489669, 8.670745, 20.499403, 13.187076, 30.402371, 8.143381, 11.143913, -11.834029, -14.520990, -1.801803, -10.878850, 15.567130, -0.543320, -1.010001, -13.577009, 13.751279]
[-55.144741, 149.082510, -21.765597, 33.167573, -55.588052, -44.800977, -25.733939, 34.485419, -8.563694, -8.192043, -19.054576, 9.157690, 25.149449, 11.365211, 26.511712, 6.443694, 14.248967, -10.672856, -17.656616, 1.805012, -11.788949, 21.414382, -8.271431, 6.389041, -21.258814, 12.357442]
[-69.329683, 120.131124, -21.227356, 21.257792, -64.369594, -46.546729, -30.760934, 44.546865, -16.482961, -1.753875, -20.100015, 20.771971, 35.805096, 23.467647, 30.527146, 23.810078, 28.619545, -6.069071, -16.712568, -0.735882, 4.114514, 12.720845, 1.685090, -3.125987, -6.064170, 13.334556]
[-65.127873, 117.386375, -12.568385, 20.502874, -54.811195, -32.873093, -28.232141, 38.076612, -15.446093, 16.571827, -21.519558, 6.831829, 35.837132, 25.991512, 31.985314, 22.131632, 18.307783, -11.562851, -22.616255, -9.155329, -7.099258, -5.025196, 0.878778, 0.039185, -1.363747, 2.256023]
[-72.698586, 103.735754, -11.642892, 11.650833, -54.328296, -49.895455, -33.069538, 33.739692, -9.429035, 22.881528, -20.323820, 3.765176, 40.842903, 29.483325, 48.004780, 28.713541, 15.769088, -2.108431, -6.536000, 3.267207, -2.016012, -1.533622, 6.057657, 3.420249, 5.138589, 6.167161]
[-47.732997, 119.841046, -3.206247, 17.528359, -45.094536, -51.257053, -24.022036, 34.612014, -14.332594, 18.174381, -19.870021, 1.275777, 30.118644, 13.150232, 39.045515, 15.764765, 4.143936, -6.032705, -11.357062, 1.270935, -10.330970, -1.802723, 5.518349, -1.409125, -2.337640, 2.195081]
[-37.130398, 131.571722, -3.308242, 20.515746, -45.547013, -53.083976, -19.779470, 34.341915, -21.043257, 9.067101, -18.024401, 0.389244, 22.629336, -0.572455, 33.340010, 9.497747, -1.123676, -5.419357, -13.335605, 5.156706, -13.688892, 2.110542, 7.835765, -2.278066, -10.155306, -1.653122]
[-45.422709, 131.597144, 1.520830, 20.376083, -48.302965, -57.509698, -15.037798, 37.210641, -22.810839, 0.709249, -16.006719, 3.502776, 24.521430, -6.804277, 35.676132, 5.547513, -1.593895, -5.222682, -10.873910, 8.339854, -15.085572, -0.482131, 14.240414, -5.349802, -15.388271, -6.188717]
[-58.000089, 127.507744, 8.832870, 16.511714, -49.480613, -57.474425, -14.615935, 39.744821, -19.662941, -8.900700, -13.396893, 5.380172, 29.468072, -8.661210, 35.045913, 3.344151, 4.847645, -8.725226, -8.693337, 7.210019, -7.114779, -6.623808, 21.490307, -15.705265, -19.169936, -1.192458]
[-54.508892, 131.597713, 9.602942, 20.219099, -49.865161, -55.841684, -13.425862, 40.894096, -16.140457, -12.685202, -11.908090, 4.232074, 32.045583, -16.589131, 28.571299, 3.562886, 16.189607, -14.918877, -11.435485, 1.140380, 4.791651, -6.328919, 18.895068, -27.337789, -12.769332, 5.414274]
[-49.590198, 127.360059, 6.329463, 19.738549, -44.893307, -57.390276, -14.012810, 31.794847, -17.702476, -6.085184, -14.609831, -4.496435, 28.141504, -13.736159, 27.472356, -1.124218, 9.975561, -14.703412, -3.950374, 0.994487, -2.330680, -1.223587, 17.179527, -24.087675, -12.255991, -6.695750]
[-66.546356, 125.956426, 18.694632, 27.064835, -43.966303, -61.518798, -13.720643, 32.509043, -15.678609, -5.617966, -16.425319, -10.148246, 26.957189, -7.257331, 21.416180, -5.678726, 6.825905, -12.848197, 5.746805, -5.846494, -12.088022, 8.086858, 17.987582, -18.461520, -19.866658, -17.062281]
[-86.876226, 134.095979, 17.379849, 22.976891, -36.996827, -59.016279, -10.496959, 20.766564, -23.649993, -1.577529, -3.465873, -6.073538, 16.073540, -5.531973, 18.346758, 6.595243, 9.516052, -28.517048, 9.987293, -8.716796, -9.892230, 19.801235, 8.077705, -15.733673, -21.949040, -14.125977]
[-85.631376, 136.080351, 12.626718, 26.902504, -39.394139, -50.194951, -9.414224, 21.066126, -25.114842, -6.379545, -6.536133, 0.719775, 30.746159, -9.463258, 19.386655, 9.757508, -0.909815, -24.979910, 4.523205, 1.319623, -6.756904, 9.446320, 12.921123, -15.488760, -21.044364, -11.498474]
[-92.610201, 138.021701, 8.523614, 27.871087, -48.485916, -51.199896, -12.081366, 23.691700, -22.227997, -7.376070, -12.686990, -0.500656, 34.193494, -12.494116, 18.339819, 10.119300, 0.287867, -19.931712, 1.706323, -1.488262, -7.733588, 7.910407, 18.136754, -21.361592, -19.629237, -7.081915]
[-95.704461, 146.841628, 16.756634, 24.900276, -56.218158, -48.351166, -13.918154, 29.529209, -13.252485, -4.464124, -22.663418, -0.623024, 36.613824, -24.884756, 14.624737, 15.708513, 11.998882, -26.252540, 5.464926, -3.868864, -13.804069, 11.048300, 18.652644, -26.857168, -18.677113, 6.139114]
[-93.020716, 146.355042, 9.825875, 21.024609, -47.738086, -53.378126, -21.273522, 27.731355, -14.709219, -0.623083, -18.859493, -7.150132, 28.964646, -16.775306, 14.680427, 11.767630, 11.725116, -30.508982, 12.247838, -6.539112, -19.685764, 15.856526, 14.885076, -20.995120, -20.193900, -3.268031]
[-93.015749, 150.410387, 15.638573, 24.884171, -47.139621, -53.738985, -14.476155, 22.566349, -14.633683, 5.173009, -15.111088, -6.258711, 22.334315, -13.492149, 20.691272, 8.129800, 10.065889, -29.561926, 14.696414, -9.034410, -20.199490, 18.373013, 16.291517, -20.827068, -22.840418, -0.833407]
[-92.848626, 144.270531, 19.583306, 30.615058, -43.693683, -62.613463, -10.462812, 21.452830, -20.504161, 6.136375, -6.784744, -6.856152, 10.682770, -13.812784, 26.904137, 2.578267, 4.549743, -13.075094, 0.395599, -10.332714, -10.532101, 17.074295, 14.361684, -21.930033, -18.593002, -10.126012]
[-103.871138, 141.227856, 20.960742, 31.179421, -31.759744, -60.293765, -12.010775, 17.380459, -15.506649, 0.818983, -12.598028, -5.702982, 11.681740, -8.872715, 19.503252, -3.741005, -1.752002, 2.969181, -7.148172, -10.525214, 1.764585, 15.394387, 9.956557, -27.679612, -16.178217, -19.141653]
[-122.717660, 133.801715, 28.737311, 25.510269, -39.149981, -45.629150, -10.330396, 12.480454, -23.472290, -1.837717, -8.328858, -10.044948, 5.015850, 3.153730, 18.133338, -16.504304, -11.177449, 13.322204, -0.650610, -10.792670, 3.858058, 16.300924, 2.251735, -28.079778, -21.056287, -18.887533]
[-110.236696, 140.148962, 23.275463, 25.332785, -40.523519, -43.073804, -20.582752, 20.271015, -20.314478, 0.945365, -14.647047, -8.487865, 14.457795, 7.890676, 7.895407, -14.487438, -2.406146, 3.441567, -11.118728, 0.299648, 4.169344, 6.654658, -3.020359, -6.307905, -19.125446, -22.760258]
[-97.419021, 141.878182, 13.253509, 28.597487, -31.763367, -54.766037, -26.864338, 31.399143, -14.134971, -4.413896, -16.524560, -14.180567, 21.912070, 3.312490, 7.533110, -15.774535, -1.864298, -0.225211, -7.389103, -1.659347, -2.722923, 10.666649, -0.435206, -3.366112, -23.563211, -14.368716]
[-101.416678, 143.464124, 6.957197, 29.727467, -21.572653, -54.471742, -30.500883, 29.696577, -15.368057, -3.855522, -12.331272, -21.165436, 21.485364, -6.998433, 9.056864, -14.415325, 3.131498, -5.020050, -8.160981, -2.198152, 5.663066, 6.877443, -3.140347, -5.869001, -26.908054, -6.437488]
[-117.756759, 148.860185, 16.275452, 23.722738, -24.613001, -53.106002, -27.352059, 24.604643, -13.623141, 7.835922, -17.798366, -34.100828, 27.512046, 0.673818, -2.301354, -16.191751, 11.194686, -3.486319, -18.773072, -2.166672, 21.878224, -7.704214, -3.677951, 2.445287, -25.149025, -10.538569]
[-101.598735, 140.000722, 8.548401, 26.348916, -13.097235, -69.153053, -31.098139, 38.290338, -10.419760, 0.064696, -20.986054, -25.059138, 13.043395, -9.253878, -1.027298, -3.511562, 2.292607, -1.165061, -8.670719, -5.282217, 6.160143, -3.090407, 4.161951, -8.159637, -26.910458, 4.157851]
[-98.223469, 131.662857, 12.243796, 34.890186, -4.078465, -66.209749, -33.720154, 34.393841, -12.548399, 4.739955, -16.410157, -13.693432, 6.950107, -16.895631, -1.492100, -0.555598, 7.598274, -4.210109, -8.061823, -4.798375, 0.807756, 2.024305, 6.490040, -9.633604, -23.792143, 9.139571]
[-102.254686, 133.776034, 11.615841, 32.341462, -11.467773, -66.088881, -31.009574, 37.500284, -13.007489, -0.094816, -23.797000, -8.016032, 5.824199, -17.648376, -0.126904, -4.058204, 5.859965, -10.279611, -10.095910, -2.048309, -1.799795, 4.999118, 6.998736, -12.534146, -17.850967, 13.277136]
[-134.156359, 127.849685, 4.325161, 21.255806, -25.445632, -79.984978, -33.159514, 32.904017, -15.979635, -8.176032, -42.379423, -15.306265, -7.630632, -33.514214, -1.346864, -13.872380, 4.940618, -18.687593, -15.249310, 1.462085, -10.451131, 4.966272, 1.972772, -22.070865, -11.103821, 13.604502]
[-122.743238, 138.130614, 17.211198, 23.770414, -22.275174, -65.604024, -15.059186, 38.404871, -6.679001, -8.256147, -21.911388, -7.111866, -5.636301, -26.675188, 4.767918, -9.878517, 8.119006, -10.957743, -1.744598, -0.166616, -6.905409, 6.836697, 1.421899, -9.644326, -13.991328, 9.927635]
[-102.238857, 138.392865, 7.084565, 5.708654, -29.900301, -66.048515, -21.157115, 28.570391, -14.360675, -14.587402, -18.721897, -17.622291, -6.124697, -19.239245, 3.473397, -13.255689, -3.129937, -10.605498, -6.955581, -9.331700, -5.315338, 0.660708, 6.775204, -7.848725, -13.231721, 6.652515]
[-82.722235, 151.031038, 0.251462, 9.665469, -17.167863, -56.970537, -13.469448, 31.609876, -2.171164, -10.228731, -8.996269, -17.581224, 2.505113, -5.623744, -0.536105, -3.541878, 0.205681, -10.500521, -6.684670, -6.786585, -0.760720, -2.543314, 17.980550, -7.061087, -5.530252, 3.804517]
[-80.503203, 154.661514, -8.248179, 7.657608, -15.661515, -52.173579, -12.973997, 32.528746, 2.589696, -9.038606, -3.693254, -20.210883, 3.675080, 0.032688, -3.920927, -4.682521, 2.322800, -21.572665, -7.434827, -6.895810, -4.444935, 4.721156, 20.940243, -3.375997, 2.680265, 1.623222]
[-80.949862, 159.444889, -12.263800, 12.760314, -15.936519, -49.960736, -12.686632, 29.716404, 7.264506, -5.600005, -3.498419, -17.714552, 3.013816, 1.478945, 0.335252, -6.952059, 3.857762, -25.173012, -8.230583, -6.919432, -4.342307, 8.292198, 18.532512, 1.441650, 0.519555, 1.748974]
[-92.900751, 163.856374, -12.447813, 20.025018, -13.027359, -51.369807, -11.645162, 27.127628, 10.597032, -1.788880, -3.972302, -11.829323, 0.425066, 6.987080, 1.446932, -4.532210, 1.727287, -26.236538, -7.268145, -9.990896, -2.869373, 9.423915, 18.005456, 5.563035, -2.084088, 2.882040]
[-101.368166, 157.190504, -3.295043, 25.335939, -10.999678, -51.067160, -21.661808, 31.247692, -7.783066, 4.654409, -8.299342, -12.532613, 2.961458, 7.552104, 8.501961, 2.368266, -1.108965, -28.259723, -10.872263, -8.078336, -5.300788, 8.314958, 7.970895, 6.821356, -4.078427, 8.991485]
[-119.839153, 155.265872, 12.484971, 24.414419, -6.221896, -60.558081, -17.265850, 38.267342, -23.342122, 7.249212, -3.904962, -14.461708, 12.455687, -0.047586, 12.001558, 11.860386, -5.051060, -32.255699, -11.064235, -4.015442, 4.164808, 4.006075, -3.028230, 6.010093, -4.143536, 17.723953]
[-117.478549, 155.751076, 10.578212, 16.272111, -12.721781, -49.927360, -4.757596, 20.844789, -18.404951, 14.138410, -2.770990, -9.828485, 11.951605, -1.446511, 9.257069, 1.457710, 6.231426, -30.730817, -14.591377, -1.634365, 3.871595, 4.998629, -1.127596, 13.860306, -6.935867, 4.478080]
[-115.984472, 149.959955, 1.326171, 24.248588, -1.923452, -43.913431, -23.364195, 10.299017, -5.419126, 12.146859, 1.944922, -3.036804, 16.775928, -12.185335, 13.588446, -0.519916, -1.170626, -20.177247, -11.979409, -1.733433, 1.386977, 8.588766, 3.171235, 6.111710, -12.701332, 4.655622]
[-108.114246, 148.455335, -3.941682, 23.619008, -6.516676, -37.213515, -29.775127, 10.973602, 1.625125, 4.555411, -2.906380, 2.296126, 23.172249, -7.545973, 19.751548, -2.516159, -10.168882, -16.041577, -6.207479, -0.061515, 4.988228, 5.764297, -2.364445, -2.464663, -11.440235, 2.449010]
[-85.881947, 146.565350, -17.260019, 17.417818, -21.923576, -38.971175, -18.852079, 21.857047, -1.642611, 9.710729, -2.355648, 1.857396, 25.412321, 4.174304, 14.078192, -1.201414, 0.152015, -14.238807, -8.472716, -5.321633, -1.302990, -3.442431, -1.588692, -6.808446, -13.446243, 2.002136]
[-82.989193, 146.620632, -16.924264, 16.233634, -25.811334, -36.104506, -14.367687, 20.571498, -5.788574, 8.014966, -2.976796, 2.273260, 25.685302, 8.739779, 9.695688, -2.293801, 5.661751, -11.504879, -6.806744, -6.338406, 2.399732, -5.918400, -0.988239, -8.379129, -13.785167, 0.818060]
[-88.100699, 143.340052, -15.412814, 14.551821, -31.271194, -35.123551, -8.885967, 18.632784, -1.992145, 5.935829, -4.783326, 5.581004, 27.782115, 2.856883, 13.076423, 5.530811, 5.842281, -6.888678, -3.180772, -7.988170, 6.787728, -7.077226, -0.667270, -11.785400, -12.248827, 0.380772]
[-104.538243, 142.261206, -9.754078, 10.212966, -39.379064, -31.195235, 2.617640, 24.210138, 6.615415, 4.585810, -12.675532, 6.104751, 25.115239, -10.296719, 17.744214, 20.170228, 2.425015, -0.642670, 0.181420, -6.114493, 5.356209, -9.373963, -4.868399, -15.507537, -16.389948, -2.498204]
[-117.602410, 152.260692, -0.832596, 9.622698, -45.134319, -28.997482, 7.467648, 13.919593, 6.984370, 12.615017, -18.556759, -0.197288, 36.015789, -10.302355, 9.595355, 27.566857, -7.720086, -4.581792, -0.325323, 7.501654, -9.237156, -12.435977, 7.921536, -8.350641, -27.110766, 3.505052]
[-111.063300, 155.521552, -12.083618, 15.286660, -33.444854, -38.518739, 2.175659, 15.339382, 1.250916, 17.106523, -10.046203, -1.452739, 34.841737, 7.806918, 5.198060, 14.236002, -13.143336, 8.309146, -12.558165, -2.257747, -3.691171, -15.490492, 6.366388, -5.630645, -23.966442, 2.731746]
[-110.075184, 159.989456, -18.318265, 9.363704, -26.843597, -42.504673, 3.057157, 13.840819, 1.768310, 13.164949, -4.492584, 0.804676, 30.237883, 8.837329, 6.696621, 20.313102, -17.255107, 11.283727, -9.965002, -6.715569, 2.546936, -19.447418, 11.790711, -10.385831, -20.988070, 8.025127]
[-117.269244, 166.211094, -18.736446, 7.334227, -30.916283, -41.567120, 7.777293, 12.020783, 10.409088, 7.088184, -10.643646, 3.259689, 27.063006, -0.774296, 10.861872, 29.343283, -19.460267, 11.270744, -1.874260, -12.154621, 4.873335, -16.335638, 9.336685, -12.151390, -14.092794, 0.879385]
[-116.334843, 165.324570, -10.369945, 17.700312, -42.302869, -44.702936, 13.496495, 19.285687, 4.287116, 4.149879, -13.702949, 2.502089, 24.374010, -13.434683, 21.289873, 20.018890, -6.017943, -5.102627, 4.123616, -5.480641, -3.073873, -11.008127, 6.825153, -0.538677, -14.127845, -6.983872]
[-116.138599, 164.065641, -11.377433, 26.577738, -41.418447, -52.122284, 11.154566, 19.983626, 5.129148, 9.002308, -23.801152, -5.034209, 32.818916, -14.672158, 24.593421, 5.915695, 7.780217, -6.554594, 3.174666, -6.090212, -5.329709, -0.031656, 8.278091, 8.871138, -16.521595, -3.897667]
[-112.438548, 148.751847, -9.739989, 22.587289, -41.178664, -48.561924, 8.292968, 9.502024, 9.295316, 15.776594, -28.431787, 2.657027, 21.763695, -6.420914, 24.349527, 10.981154, 15.438066, -11.454110, 4.730770, -6.843837, -2.994293, 12.042406, 3.723994, 14.551350, -16.210295, 3.162243]
[-129.777834, 139.606359, 9.807587, 14.364554, -51.729534, -33.910428, 8.480983, -6.525364, 12.069610, 32.376386, -29.507835, 5.586355, 20.158203, -8.069302, 16.257748, 18.322556, 19.298308, -23.496196, 3.546010, -2.646879, -7.327719, 14.008056, 9.894062, 12.679515, -20.632479, 4.590422]
[-125.526652, 130.125577, 11.185822, 27.994386, -53.458577, -48.684276, 15.947044, 7.755423, -10.316271, 18.477593, -9.599082, 11.630230, 4.925930, -6.979796, 23.182281, 9.967531, 12.734327, -17.665102, 4.278739, 0.534541, -6.215011, 12.747535, 11.187988, 17.140348, -15.516286, -1.204700]
[-123.133710, 131.039728, 2.094054, 29.531809, -42.254890, -50.619534, 7.165214, 11.819374, -13.327006, 10.260099, -11.307174, 16.052091, 15.812688, -5.945412, 17.588368, 4.155458, 17.802354, -7.051011, -0.693380, 1.098999, -5.023094, 12.999878, 6.052358, 9.314771, -7.391341, 9.553438]
[-138.940798, 145.611389, 5.607947, 27.414741, -51.292481, -54.564187, 11.186939, 26.736067, -11.575416, 3.830138, -10.833726, 18.796322, 25.374805, -14.089896, 14.762080, 4.075499, 18.248591, -6.407336, -18.844830, -2.184918, 0.551491, 16.248592, -8.323929, -6.256510, -7.374847, 17.573048]
[-151.392464, 155.071555, -4.597446, 13.699141, -50.411626, -41.807649, 1.333692, 27.715383, -3.394706, 19.262415, -4.058615, 6.889408, 32.865828, -7.709580, 26.574504, 2.964515, -1.987210, -0.660676, -9.411296, -13.799326, -0.802861, 5.113945, -9.752428, -8.162570, -18.450620, 11.151488]
[-151.362565, 153.665119, -0.449217, 19.200230, -54.536559, -29.151986, -5.881096, 22.061781, 10.193784, 16.797539, -13.971343, -0.597920, 29.095129, -5.472951, 30.135522, -4.637819, 8.294247, -9.885106, 8.470719, -11.852555, 4.797241, 2.774136, 6.004543, -23.110479, -14.062771, 5.799382]
[-147.212913, 139.389934, -5.202695, 20.262982, -50.583342, -34.706507, 10.819631, 25.122754, 17.126175, 24.392149, -15.172475, -5.273987, 22.456710, 2.622143, 23.140439, -4.620098, 19.842442, -4.345069, -1.222877, -5.279428, 0.514022, -3.945490, -2.994356, -28.863717, -18.240010, -6.780454]
[-138.593477, 148.531557, 2.777946, 25.947807, -48.454765, -52.213764, 13.667059, 15.334572, 14.718214, 20.846224, -20.915548, 3.432944, 18.598040, 4.599589, 15.352838, -1.068897, 16.002638, -6.145907, -10.810931, -2.074593, -1.496774, 7.702963, 5.002877, -17.333134, -9.247353, -5.478882]
[-144.456515, 148.658967, 5.349557, 36.197559, -48.515937, -51.624031, 8.841948, 16.159666, 14.454197, 9.519341, -15.843077, 7.125790, 12.217191, 3.668762, 9.986054, 12.423702, 3.302955, -9.775773, -8.192735, -4.893137, -2.767318, 8.593985, 10.072339, -15.511243, -6.992443, -0.893809]
[-178.556482, 145.912830, 12.635432, 43.822777, -43.206689, -44.672389, 1.293179, 17.665254, 11.447076, 7.039995, -15.566149, 5.260650, 6.263008, 9.380044, 17.257136, 25.219946, -13.556936, -17.304875, -1.372638, 1.041947, -4.787320, -1.520194, 11.882347, -11.374428, 1.883168, 2.989411]
[-192.238589, 141.198631, 19.127531, 28.677347, -29.614792, -41.915416, -1.074507, 15.533423, 6.181014, 2.672055, -10.735425, 6.990752, 13.433962, 6.041626, 13.415288, 17.972303, -9.388316, -4.368133, 6.964877, -4.762591, -3.641615, -3.733262, 19.282716, -4.670716, -5.586262, 7.652359]
[-193.450745, 133.381867, 12.933244, 23.329363, -38.954383, -48.460899, -4.781727, 11.516406, 9.153657, 8.737102, -6.337267, 14.077096, 5.823341, 12.872905, 7.011038, 10.453780, 10.774702, 3.518614, 15.272955, 0.398582, -4.535544, 7.533585, 22.991182, 1.962709, -7.156833, 6.289969]
[-196.088117, 142.531735, 14.528226, 32.562520, -46.658100, -40.908421, -7.848835, 19.296735, 6.545414, 20.288494, -12.889700, 10.256956, -5.803898, 10.015208, -0.371465, 6.842079, 6.213167, -8.134590, 3.050580, -7.424130, -12.142541, 19.783593, 20.543954, -2.278765, -10.590649, 1.645001]
[-195.850398, 136.657980, 16.187063, 21.938967, -44.809243, -41.241281, 0.039045, 21.219911, 8.971681, 12.147903, -4.101262, -0.573864, 2.787134, -2.765001, 5.578254, -8.773849, 3.841914, -17.092461, 2.821978, -7.586795, -8.617196, 24.758124, 20.672244, -9.564609, 0.583800, 3.142616]
[-207.810947, 143.259197, 8.085734, 13.148206, -25.780451, -49.200717, -6.038025, 20.523848, 3.279406, 5.169785, -3.480207, 1.219413, 13.477540, -12.237977, 16.606619, -5.370797, 8.440930, -17.935787, -4.461245, 9.331686, -17.476492, 25.212705, 7.268984, -15.715386, 12.120093, -9.901934]
[-211.861081, 123.182726, 13.420981, 7.355012, -26.694585, -39.446976, -18.092439, 21.334598, 7.704009, 3.043513, -0.564008, 13.272994, 13.317486, -5.632876, 18.394334, 13.663583, 3.581339, -8.375241, -0.044567, 0.579196, -8.545126, 7.555308, -2.979567, -14.876584, 6.941749, -8.143670]
[-228.971317, 118.974449, 18.762771, 7.452013, -27.894613, -33.504333, -21.781911, 30.519204, 8.228236, -1.257662, -9.041046, 13.291035, 9.604130, -3.397558, 11.720995, 28.113731, 4.287170, -0.421830, 0.376477, 4.352060, 1.295421, 3.128070, -3.432183, -17.483128, 5.322053, -1.794294]
[-241.768222, 120.584748, 26.102250, -1.493902, -21.218106, -20.166906, -22.546756, 33.481809, 18.061907, -8.872651, -19.267925, 6.055059, 1.601001, -9.718558, 3.522162, 27.291569, 6.724994, 5.067391, 9.289289, 4.934525, 5.250035, 7.723396, -2.998745, -21.636344, 3.843968, -10.765855]
[-237.428110, 125.793155, 21.532870, -9.782212, -20.483899, -25.831979, -22.561515, 30.530069, 14.997730, -4.368104, -11.696221, 0.798742, 10.614989, -2.999678, -1.900063, 21.173567, 7.025827, -6.752212, 14.584638, 2.252834, 1.838136, 11.348137, 7.532432, -13.630671, 10.616158, -12.681212]
[-239.150494, 128.194740, 13.627159, -1.530515, -24.017799, -30.231064, -6.921391, 30.851691, 13.280220, 1.375082, -13.380790, -0.566645, 11.574927, -12.518851, -0.919374, 16.206648, 3.119524, -12.646341, 8.863139, -4.083217, 8.059735, -0.850202, 13.429837, -12.817160, 2.700935, -4.643270]
[-252.828011, 129.063695, 11.033529, 0.307383, -29.643552, -32.848607, 2.472221, 32.362467, 10.081458, 6.875741, -14.954239, -1.605268, 8.169060, -19.712945, 0.956136, 13.225147, -5.444368, -17.729657, 8.942892, -5.551933, 8.975038, -10.164022, 14.557543, -6.479256, -9.312570, -4.841161]
[-265.075417, 122.463745, 9.016876, 1.999417, -40.724328, -26.612139, 2.391221, 32.009166, 14.460150, 14.990325, -19.399111, 1.971258, 2.073440, -16.016098, 0.586468, 2.636617, -8.898477, -22.687393, 8.812747, 1.368226, -0.575987, -7.219940, 10.445694, -2.724767, -10.222227, -9.077216]
[-288.673232, 125.355421, 10.155477, 1.453819, -38.028299, -27.436150, -4.629445, 39.911659, 18.437868, 34.458034, -22.592130, 7.351797, 17.412749, -6.192611, 4.736097, 1.535660, -21.994889, -14.039503, 4.514316, 0.458398, -2.562612, -8.941200, 0.482904, -1.785394, -12.607076, 1.060444]
[-285.173489, 107.769071, 31.355191, 17.499199, -52.499555, -27.889616, -9.508017, 20.752327, 40.204516, 8.929257, -21.482640, 15.168696, 11.432185, 6.661164, 3.475529, -16.665423, -4.321185, -11.155142, 15.579440, 5.971692, -18.675369, -1.514614, -4.561949, -5.622706, 4.371168, -7.199132]
[-283.115745, 102.592924, 32.556334, 21.251622, -66.909924, -27.535977, -1.613637, 16.079436, 37.556550, -17.597507, -13.966936, 26.085962, 1.987452, -3.643683, -6.208907, -10.816095, 15.957808, -10.681713, 6.884200, 1.925137, -5.085633, 8.998593, -16.382199, -10.835242, 7.029586, 0.866657]
[-268.664715, 98.824532, 11.093268, 22.021970, -65.045536, -26.934857, -4.106288, 10.652097, 40.103495, -9.912607, -14.423676, 9.379860, -4.151807, -1.809060, 9.305629, -16.845477, 8.693859, -3.733601, 0.133455, 19.105908, -18.655688, 9.010655, -2.804823, -10.757295, 2.523160, -13.551440]
[-252.773197, 89.260539, 1.159979, 38.180538, -74.416756, -17.678996, -12.201053, 5.851740, 46.348427, -4.261390, -3.747478, 4.328052, -5.850024, 3.591285, 8.794591, -7.658891, 0.888973, -1.342162, -12.836419, 21.378999, -16.946609, 10.654796, 1.607064, -2.766840, -5.843587, -7.702833]
[-243.369774, 71.831588, -4.937159, 41.551987, -74.216624, -15.637893, -3.848521, -2.960358, 44.910458, 6.252225, 1.242370, 4.760357, -6.360272, 2.549032, 4.274779, -0.436917, 0.884212, -6.518769, -15.754349, 10.074521, -9.000759, 10.288409, 9.043044, 1.743219, -6.940319, -10.187111]
[-259.929646, 64.815963, -14.931128, 42.341930, -70.968359, -18.533559, 11.373662, -15.261659, 43.337901, 12.032829, 0.781164, 3.443842, -5.114744, 8.942829, 6.149660, 4.724615, 7.598983, -16.339015, -9.937398, 4.604060, -2.569031, 10.223997, 2.370619, 14.200836, -13.132194, -6.602318]
[-260.083450, 56.176273, -10.573651, 43.334484, -74.095425, -7.005987, 5.143641, -8.659588, 29.564352, 8.678609, 2.716940, -16.204608, 11.667299, 12.522663, 11.619318, 14.196478, 1.025153, -4.871796, -9.712645, 14.023980, 0.514759, -2.157674, -0.173825, -0.854202, -5.508519, -8.822142]
[-257.406558, 55.965208, -9.925121, 33.168380, -66.875079, -1.867985, 2.574898, 5.029059, 17.017639, 4.447309, 0.535391, -22.681019, 10.487920, 8.829025, -4.661956, 15.075357, -1.896485, -1.166895, -3.000092, 11.628144, -0.790333, -0.093899, 0.904642, -11.183041, -3.763458, -10.540864]
[-249.924165, 45.112231, -8.104538, 33.983551, -80.902722, -1.055360, 0.315829, -1.513536, 19.438386, 0.671248, -9.713671, -9.856118, 8.838980, 5.589045, -4.999015, 5.173394, -1.554026, 1.555198, -16.146438, 10.872627, 0.642761, -0.544139, 8.701461, -5.633673, -3.958728, -0.296658]
[-270.256111, 34.870976, -1.328490, 31.347207, -87.141639, -2.239901, -3.239214, -5.565378, 25.189200, -5.712444, -11.165251, -5.131200, 6.981114, 12.524256, -1.042814, 1.241514, 7.586324, 2.003764, -22.188763, 11.667348, 1.422991, 2.038125, 15.841163, -0.633637, -1.755743, 7.829947]
[-301.121463, 23.879500, 0.910174, 44.992669, -77.393279, -0.469747, 4.106237, -10.073389, 27.900935, 0.493846, -9.085870, -8.777934, -0.436842, 21.725562, 21.594475, 11.242355, 3.135225, -6.068031, -16.607520, 0.538374, -3.435519, 6.660035, 19.950565, -1.175445, 6.937160, 17.157582]
[-311.931887, 39.360414, -1.123348, 46.258709, -74.001425, -4.533691, 14.253287, -4.858053, 30.502147, 14.416264, 6.483741, 11.250587, -7.644195, -3.454613, 12.296464, 11.788221, 0.462822, -30.081915, -1.511204, -0.391967, 1.280993, 1.158981, 11.049199, -6.745148, -4.415806, -0.994659]
[-299.444279, 53.986556, 3.471824, 27.847529, -45.820033, 1.239876, 9.987237, 2.518320, 29.462561, 18.254111, 3.140693, 11.269651, -5.516962, -2.146945, -7.481189, 15.487110, -0.496427, -32.338800, -1.016194, -4.447165, -12.766122, 7.995081, -15.241442, -17.537095, -1.093306, -6.225811]
[-283.217926, 62.225850, 11.100419, 34.258710, -39.679173, 5.380902, 7.294200, -13.069594, 26.521158, 18.390322, -10.377537, 14.929349, -12.362978, -11.454064, -1.015040, 9.211571, -8.852346, -14.675427, -14.985445, -9.051293, 0.932057, 4.921425, -18.783030, -7.579393, -2.543218, -3.263296]
[-302.609829, 70.153910, 14.702218, 31.746432, -32.905731, 7.448464, 12.749055, -19.838526, 15.455075, 16.805830, -13.456576, 10.679499, -7.413800, -9.912082, -11.608286, 6.502178, -10.321391, -11.151144, -25.839842, -11.623110, 13.741075, 1.878896, -22.211064, 0.675525, -6.985842, -2.180238]
[-324.375206, 66.567911, 4.379909, 28.521640, -23.122097, 8.053208, 11.741405, -19.210264, 11.620169, -0.682698, -9.479016, 11.096054, -8.381795, -13.184206, -13.698081, 2.054083, -23.391263, -12.467641, -23.303320, -11.110840, 10.275486, 3.089146, -14.943378, -3.300925, -9.816605, 1.106181]
[-341.327333, 61.295697, 0.189498, 30.194166, -19.733730, 9.987906, 12.652844, -19.331097, 17.533324, -7.437997, -1.272378, 10.271932, -9.142611, -15.627604, -4.886136, -0.966895, -21.258330, -16.948704, -10.761826, -8.043193, -7.477246, 10.161730, -16.240156, -0.811841, -6.821157, -4.810494]
[-354.842572, 52.645791, 3.725239, 31.977846, -17.295764, 5.558614, 13.911911, -14.387817, 20.447837, -3.084721, -2.761415, 14.394636, -6.461847, -15.477479, 2.442466, -4.747404, -11.654577, -9.697438, 2.271441, -3.987593, -7.004664, 10.524983, -17.190465, -5.388483, -15.599265, -9.911055]
[-356.873663, 51.767330, 3.467027, 24.631910, -20.661030, -6.180681, 12.284520, -7.830178, 28.195209, 5.386912, -11.243831, 9.665499, -12.015215, -15.306018, 2.738955, -9.912790, 1.916844, 5.017544, 4.488799, -2.211158, -2.873552, 11.951623, -10.024518, -0.687163, -15.590635, -3.236178]
[-363.693330, 59.922940, -1.881336, 16.901882, -23.541105, -9.752505, 17.641761, -9.885684, 29.873185, 10.061013, -15.789798, 8.522324, -11.253794, -8.401401, -0.535159, -17.459776, 6.623320, 8.108771, -0.690623, 3.114732, -4.729586, 6.529735, -10.172291, 5.802165, -16.004234, -2.080376]